26 0
23 1
9 5
10 5
7 6
8 6
10 6
23 6
4 7
6 7
7 7
8 7
9 7
10 7
24 7
25 7
5 8
6 8
7 8
8 8
9 8
10 8
11 8
12 8
13 8
14 8
36 8
6 9
8 9
9 9
10 9
11 9
12 9
14 9
15 9
28 9
29 9
30 9
33 9
36 9
39 9
5 10
6 10
7 10
8 10
9 10
10 10
11 10
12 10
13 10
26 10
29 10
30 10
36 10
5 11
7 11
8 11
9 11
10 11
11 11
12 11
13 11
23 11
25 11
26 11
9 12
10 12
11 12
12 12
23 12
24 12
26 12
27 12
30 12
37 12
11 13
12 13
24 13
26 13
27 13
28 13
8 14
9 14
10 14
22 14
23 14
24 14
25 14
28 14
29 14
35 14
41 14
48 14
13 15
24 15
27 15
28 15
29 15
31 15
39 15
42 15
44 15
46 15
47 15
54 15
23 16
26 16
27 16
28 16
29 16
30 16
31 16
32 16
33 16
38 16
39 16
44 16
45 16
47 16
50 16
23 17
25 17
27 17
28 17
29 17
30 17
33 17
43 17
44 17
45 17
47 17
48 17
49 17
24 18
26 18
27 18
30 18
31 18
32 18
33 18
35 18
41 18
42 18
43 18
44 18
46 18
47 18
48 18
50 18
51 18
52 18
55 18
12 19
26 19
28 19
29 19
30 19
31 19
32 19
33 19
43 19
44 19
45 19
46 19
47 19
48 19
49 19
50 19
51 19
52 19
54 19
55 19
56 19
13 20
27 20
28 20
29 20
30 20
31 20
32 20
35 20
42 20
47 20
48 20
49 20
50 20
51 20
52 20
53 20
55 20
56 20
63 20
11 21
25 21
26 21
27 21
28 21
29 21
30 21
31 21
32 21
33 21
36 21
46 21
47 21
48 21
49 21
51 21
53 21
55 21
60 21
15 22
26 22
27 22
28 22
29 22
30 22
31 22
32 22
34 22
47 22
48 22
49 22
50 22
51 22
53 22
54 22
56 22
63 22
9 23
11 23
13 23
24 23
26 23
27 23
28 23
29 23
30 23
31 23
32 23
33 23
34 23
49 23
51 23
52 23
53 23
55 23
56 23
57 23
58 23
59 23
6 24
10 24
13 24
14 24
16 24
24 24
26 24
28 24
29 24
30 24
31 24
32 24
33 24
36 24
50 24
51 24
52 24
54 24
56 24
5 25
6 25
7 25
9 25
10 25
11 25
13 25
17 25
18 25
26 25
27 25
28 25
29 25
30 25
31 25
32 25
33 25
34 25
36 25
51 25
54 25
59 25
11 26
12 26
13 26
15 26
16 26
19 26
20 26
23 26
26 26
27 26
28 26
29 26
30 26
31 26
32 26
33 26
34 26
35 26
36 26
48 26
56 26
58 26
60 26
62 26
11 27
12 27
13 27
15 27
16 27
17 27
19 27
27 27
28 27
29 27
30 27
31 27
32 27
33 27
35 27
51 27
57 27
60 27
63 27
7 28
8 28
9 28
13 28
14 28
15 28
17 28
25 28
27 28
28 28
29 28
30 28
31 28
32 28
33 28
34 28
10 29
11 29
12 29
13 29
14 29
16 29
17 29
18 29
19 29
25 29
27 29
28 29
29 29
30 29
31 29
32 29
33 29
34 29
35 29
63 29
5 30
8 30
10 30
11 30
13 30
14 30
15 30
16 30
26 30
27 30
28 30
29 30
30 30
31 30
32 30
33 30
34 30
35 30
37 30
59 30
10 31
11 31
12 31
14 31
15 31
16 31
17 31
18 31
25 31
26 31
27 31
28 31
29 31
30 31
31 31
32 31
33 31
34 31
35 31
58 31
6 32
8 32
9 32
12 32
14 32
17 32
18 32
20 32
21 32
26 32
27 32
28 32
29 32
30 32
31 32
32 32
33 32
34 32
35 32
36 32
37 32
11 33
12 33
14 33
16 33
17 33
19 33
21 33
22 33
28 33
29 33
30 33
31 33
32 33
33 33
34 33
36 33
38 33
10 34
17 34
18 34
27 34
29 34
30 34
31 34
32 34
33 34
34 34
35 34
36 34
37 34
13 35
14 35
15 35
17 35
19 35
20 35
22 35
28 35
30 35
31 35
32 35
33 35
34 35
35 35
36 35
37 35
38 35
15 36
27 36
28 36
29 36
30 36
31 36
32 36
33 36
34 36
35 36
36 36
37 36
16 37
29 37
30 37
31 37
32 37
33 37
34 37
35 37
36 37
38 37
15 38
16 38
20 38
27 38
28 38
30 38
31 38
32 38
33 38
34 38
36 38
24 39
28 39
29 39
30 39
31 39
32 39
33 39
34 39
35 39
36 39
37 39
30 40
31 40
32 40
33 40
34 40
35 40
36 40
37 40
38 40
30 41
31 41
32 41
33 41
34 41
35 41
36 41
37 41
38 41
27 42
30 42
31 42
32 42
33 42
34 42
35 42
36 42
39 42
29 43
30 43
32 43
33 43
34 43
36 43
37 43
39 43
29 44
31 44
32 44
33 44
34 44
36 44
37 44
31 45
32 45
34 45
35 45
36 45
37 45
38 45
30 46
31 46
32 46
33 46
34 46
35 46
37 46
38 46
41 46
29 47
32 47
33 47
34 47
35 47
37 47
38 47
29 48
32 48
33 48
34 48
35 48
36 48
38 48
39 48
11 49
33 49
34 49
35 49
36 49
37 49
38 49
35 50
36 50
37 50
39 50
40 50
41 50
5 51
9 51
10 51
31 51
39 51
6 52
7 52
8 52
11 52
13 52
7 53
8 53
9 53
10 53
11 53
12 53
34 53
35 53
36 53
37 53
38 53
7 54
8 54
9 54
10 54
13 54
35 54
36 54
8 55
9 55
11 55
14 55
33 55
36 55
37 55
39 55
5 56
6 56
8 56
11 56
12 56
37 56
8 57
9 57
12 57
7 58
8 58
10 58
9 59
11 60
40 62
38 63
