42 3
21 4
18 5
21 5
13 6
15 6
17 6
18 6
19 6
20 6
22 6
24 6
53 6
16 7
17 7
18 7
19 7
20 7
21 7
22 7
23 7
24 7
17 8
18 8
20 8
21 8
22 8
23 8
14 9
16 9
17 9
18 9
19 9
20 9
21 9
22 9
23 9
24 9
25 9
14 10
16 10
17 10
18 10
19 10
20 10
21 10
23 10
24 10
45 10
15 11
16 11
17 11
18 11
19 11
20 11
21 11
22 11
23 11
41 11
42 11
49 11
50 11
18 12
19 12
20 12
21 12
22 12
15 13
17 13
18 13
21 13
22 13
23 13
45 13
46 13
47 13
52 13
14 14
17 14
19 14
20 14
35 14
37 14
42 14
43 14
44 14
48 14
50 14
13 15
20 15
21 15
38 15
42 15
44 15
48 15
49 15
54 15
58 15
39 16
40 16
42 16
44 16
45 16
34 17
36 17
40 17
41 17
42 17
45 17
46 17
48 17
50 17
28 18
36 18
39 18
41 18
42 18
43 18
44 18
48 18
33 19
35 19
36 19
37 19
39 19
40 19
43 19
45 19
47 19
48 19
52 19
30 20
31 20
33 20
34 20
37 20
38 20
39 20
40 20
42 20
43 20
44 20
45 20
47 20
48 20
29 21
32 21
33 21
34 21
35 21
36 21
37 21
39 21
40 21
41 21
42 21
43 21
44 21
45 21
46 21
52 21
53 21
30 22
31 22
33 22
34 22
35 22
36 22
38 22
39 22
40 22
41 22
42 22
44 22
45 22
49 22
27 23
30 23
31 23
32 23
33 23
34 23
35 23
36 23
37 23
38 23
39 23
40 23
41 23
42 23
43 23
44 23
46 23
47 23
24 24
28 24
29 24
30 24
31 24
32 24
33 24
34 24
35 24
36 24
37 24
38 24
39 24
40 24
41 24
42 24
44 24
45 24
27 25
28 25
29 25
30 25
31 25
32 25
33 25
34 25
35 25
36 25
37 25
38 25
39 25
40 25
41 25
42 25
19 26
24 26
25 26
27 26
28 26
29 26
30 26
31 26
32 26
33 26
34 26
35 26
36 26
37 26
38 26
39 26
41 26
42 26
43 26
46 26
9 27
24 27
25 27
26 27
27 27
28 27
29 27
30 27
31 27
32 27
33 27
34 27
35 27
36 27
37 27
39 27
40 27
41 27
44 27
26 28
28 28
29 28
30 28
31 28
32 28
33 28
34 28
35 28
36 28
37 28
38 28
39 28
40 28
42 28
45 28
47 28
9 29
22 29
26 29
27 29
28 29
29 29
30 29
31 29
32 29
33 29
34 29
35 29
36 29
37 29
38 29
39 29
40 29
41 29
44 29
14 30
20 30
23 30
24 30
25 30
26 30
27 30
28 30
30 30
31 30
32 30
33 30
34 30
35 30
36 30
37 30
38 30
41 30
42 30
49 30
4 31
22 31
23 31
24 31
25 31
26 31
27 31
28 31
29 31
30 31
31 31
33 31
34 31
36 31
37 31
38 31
39 31
40 31
42 31
45 31
13 32
21 32
22 32
23 32
25 32
26 32
27 32
28 32
29 32
30 32
31 32
32 32
33 32
34 32
35 32
36 32
38 32
39 32
40 32
42 32
44 32
17 33
20 33
22 33
23 33
24 33
25 33
26 33
27 33
28 33
29 33
30 33
31 33
32 33
33 33
34 33
35 33
36 33
37 33
38 33
39 33
40 33
10 34
12 34
13 34
16 34
18 34
20 34
22 34
24 34
25 34
26 34
27 34
28 34
29 34
30 34
31 34
32 34
33 34
34 34
35 34
36 34
38 34
40 34
42 34
6 35
10 35
11 35
12 35
13 35
14 35
16 35
17 35
19 35
21 35
22 35
23 35
24 35
25 35
26 35
27 35
28 35
29 35
30 35
31 35
32 35
33 35
34 35
36 35
37 35
40 35
11 36
13 36
14 36
15 36
17 36
22 36
23 36
24 36
25 36
26 36
27 36
28 36
29 36
30 36
31 36
32 36
33 36
34 36
35 36
7 37
9 37
12 37
13 37
14 37
16 37
17 37
18 37
19 37
20 37
22 37
23 37
24 37
27 37
28 37
29 37
30 37
31 37
32 37
34 37
35 37
36 37
7 38
8 38
11 38
12 38
14 38
15 38
17 38
19 38
20 38
21 38
23 38
24 38
25 38
26 38
27 38
28 38
29 38
30 38
32 38
33 38
36 38
38 38
8 39
10 39
12 39
14 39
15 39
16 39
17 39
19 39
20 39
21 39
23 39
24 39
25 39
26 39
27 39
28 39
29 39
30 39
31 39
32 39
34 39
36 39
41 39
7 40
8 40
9 40
11 40
12 40
13 40
14 40
15 40
16 40
17 40
18 40
19 40
20 40
21 40
22 40
23 40
24 40
25 40
26 40
27 40
28 40
29 40
30 40
31 40
32 40
33 40
36 40
9 41
10 41
11 41
12 41
13 41
15 41
16 41
17 41
18 41
19 41
20 41
21 41
22 41
23 41
24 41
25 41
26 41
27 41
28 41
29 41
31 41
33 41
34 41
36 41
8 42
10 42
12 42
14 42
15 42
16 42
17 42
18 42
20 42
21 42
22 42
23 42
24 42
25 42
27 42
28 42
30 42
33 42
35 42
13 43
14 43
16 43
17 43
18 43
22 43
24 43
25 43
27 43
31 43
33 43
12 44
13 44
15 44
16 44
17 44
21 44
22 44
23 44
24 44
25 44
26 44
29 44
33 44
10 45
13 45
14 45
15 45
16 45
17 45
18 45
20 45
21 45
24 45
25 45
26 45
30 45
9 46
10 46
14 46
17 46
20 46
23 46
29 46
13 47
15 47
17 47
18 47
20 47
22 47
23 47
31 47
19 48
21 48
24 48
26 48
30 48
12 49
18 49
20 49
26 49
14 50
17 50
10 51
13 51
19 51
12 52
14 52
18 52
26 52
19 54
14 55
8 58
13 59
