7.630828937395717215e-02 1.874064788798609049e+00
7.799187922401146222e-01 4.194964780660854764e+00
4.384092314408934987e-01 1.508055510272952038e+00
7.234651778309412196e-01 4.751687868997607644e+00
9.779895119966026673e-01 7.005359965594215588e+00
5.384958704104336746e-01 3.269860006903638983e+00
5.011204636599378981e-01 2.945419796588107708e+00
7.205113335976154332e-02 1.929277668885245989e+00
2.684389801018711719e-01 1.806377797563090803e+00
4.998825008255599611e-01 2.309990124662308020e+00
6.792299961209404824e-01 4.820370299985050622e+00
8.037390361043754705e-01 5.526618567640039004e+00
3.809411331485383911e-01 1.079352112485016946e+00
6.593634690590510772e-02 1.995304202877143718e+00
2.881455993079935496e-01 1.349963440159436256e+00
9.095935277196136592e-01 6.266512301614453939e+00
2.133853535799155043e-01 7.661268561819738476e-01
4.521239618176831065e-01 1.896322613052254802e+00
9.312060196890217245e-01 5.838818164438714930e+00
2.489922755034801316e-02 4.315551236255256162e-01
6.005489174641225336e-01 4.502152009006043620e+00
9.501295004136456335e-01 6.072298824211977752e+00
2.303028790209648013e-01 1.642221347008259391e+00
5.484899192360304099e-01 3.497780449039866735e+00
9.091283748867312609e-01 5.314607035542294966e+00
1.331694457592501601e-01 2.167793520327075285e+00
5.234125806737658371e-01 3.191122376405053362e+00
7.504098591020348374e-01 4.646683934335972488e+00
6.690132408839137845e-01 4.905179192777437969e+00
4.677528597449807091e-01 2.223014049596720554e+00
2.048490902977950778e-01 1.905984273097022674e+00
4.907658890910704397e-01 2.703958055520331083e+00
3.723846893850589757e-01 1.054134218267889889e+00
4.774011548515884051e-01 1.959959932575200181e+00
3.658903857805929638e-01 1.312964428271669926e+00
8.379179943092606164e-01 4.470862721637851145e+00
7.686475065195093048e-01 5.462260316237768087e+00
3.139946772126621655e-01 1.364448122003159680e+00
5.726253326439539881e-01 4.041802261437599242e+00
2.760490483306951015e-01 2.498785328302100872e+00
4.528429325464004007e-01 1.767120775519273712e+00
3.529783659443946897e-01 1.206062892888716709e+00
6.573994627797582480e-01 4.627701751669316188e+00
3.703510829880352073e-01 8.978709531160955493e-01
4.590929778914314419e-01 2.247838085847100764e+00
7.193241225090415414e-01 4.148525998737419229e+00
4.129918291138345854e-01 1.702990846658822832e-01
9.064232691643386852e-01 6.407770112857406275e+00
1.804516192026816013e-01 2.068517830960525217e+00
7.411188729132642816e-01 4.548938929062164682e+00
4.223740436431403511e-01 1.435394830309619341e+00
4.264535726849423281e-01 1.718421953011762149e+00
6.343798686338387727e-01 4.795404523064545899e+00
5.229062010283452855e-01 3.425062943565057694e+00
4.148859784394431927e-01 1.837966773880590932e+00
1.426880562758192639e-03 9.893859203651158563e-01
9.226234584675208072e-02 2.147993099160090402e+00
7.093943937252127352e-01 4.713629871691346729e+00
5.243455967651972083e-01 3.228277107675203705e+00
6.961604635169689193e-01 4.503751808563793091e+00
9.554683230029259455e-01 6.154419280651747926e+00
6.829138543754175172e-01 4.536451909982415209e+00
5.312869067295755698e-02 1.520917384371131664e+00
3.088526848637971334e-01 9.550472928445161713e-01
5.925946873233729484e-01 4.019945680482179817e+00
2.351204072574643034e-01 2.031231427746259310e+00
9.649709995361268611e-01 6.381773340328253497e+00
9.450482237927938511e-01 6.146900337073654796e+00
8.484008808376887201e-01 4.719008629597715831e+00
4.723239962884022702e-01 2.187464447432917680e+00
8.414767148983972600e-01 3.785203355665752945e+00
1.311106423479139194e-01 2.225198368076304334e+00
3.087336572978354177e-01 1.067470290853415271e+00
4.629963941544170680e-01 2.131229953991408799e+00
7.418472006834667676e-01 4.298570805335855560e+00
4.858252287088966614e-01 2.537324341850862197e+00
1.368761187974508742e-01 2.310046891969295579e+00
3.435365297043583288e-01 1.050914279119639971e+00
3.244261696724429767e-01 9.547679874277121836e-01
3.004189043180397478e-01 1.165287990573242949e+00
1.655014004657874294e-01 2.244924692362904928e+00
4.149017725732520034e-01 7.389799585953253924e-01
4.481206575027233407e-01 1.764879923327567823e+00
7.749003758140171616e-01 4.288311816152274858e+00
7.963907007825484774e-01 4.127699532550016315e+00
5.223901280016118864e-01 3.007839934695478501e+00
4.606302961632768866e-01 8.632897228262939038e-01
7.782136015438966270e-01 4.555861639742318836e+00
8.872889518527348196e-01 4.580711325899899933e+00
6.749187698667876711e-01 4.772588059584551345e+00
8.004790489984635604e-01 4.579572966167445358e+00
9.391113537321853499e-01 6.474085881858631986e+00
4.065580943668578584e-02 1.781676957874594569e+00
8.756717248700832679e-01 4.205049974150430359e+00
2.765630724511342065e-01 1.302795481590175886e+00
4.757644994242442582e-01 2.468604576222290792e+00
7.967609569319022977e-01 4.597110805105457665e+00
7.172422322752299850e-01 4.547323509156496968e+00
1.471475719416930339e-01 2.179506009284396306e+00
6.587482589541454603e-01 5.552233635906711484e+00
6.925207000983546468e-02 1.787383670001194691e+00
3.570706283528789493e-01 1.087409570484409338e+00
8.128295501637062825e-01 4.877994274969526423e+00
4.277048330275505794e-01 1.676398998346477098e+00
5.998544375434463616e-01 4.652937941714143655e+00
7.281612831471337977e-01 4.516669871679193982e+00
8.212276083065594978e-01 4.278234268259597961e+00
7.605151199802830941e-01 4.332456517098312254e+00
7.143275278998495459e-03 9.821058588621793817e-01
4.202568336725350795e-01 1.408413427042761290e+00
4.631362180381473070e-01 2.021509888116208131e+00
5.549950311272267012e-02 1.591632802338317276e+00
5.414421320952196304e-01 3.488201742150897289e+00
6.077707514438671632e-01 4.502666712476007582e+00
8.284531949961253527e-01 4.232926946326593942e+00
9.418092681914485009e-01 5.909956720858297707e+00
1.281478540027328750e-01 2.097957753509254175e+00
2.304306744102194715e-01 1.982839773960114460e+00
6.591583970705608975e-01 4.860009249104042084e+00
1.324739888167485447e-01 2.397581698392526217e+00
2.240786369463193539e-01 2.107319425105718125e+00
5.748625875891490988e-01 3.890005261917230062e+00
1.695237235662091502e-01 2.045583169151844682e+00
7.822301513237782666e-01 4.384625360926382776e+00
8.569756261117601470e-01 5.557600733389179481e+00
3.367420450284819289e-02 1.308024505298095885e+00
5.326448049436736110e-01 2.235024039379346572e+00
7.969513574435643788e-01 4.515937809367534861e+00
9.751396811571156897e-01 6.982436696187698466e+00
2.742585931944212518e-01 1.282668906004550191e+00
1.691010633653833306e-01 3.476756509454118849e+00
8.767009301816353073e-01 4.971989063204604875e+00
9.091824637608486581e-01 5.162954673003635087e+00
1.975328894671568580e-01 1.219759889284606658e+00
4.415297427026397825e-01 1.847329391039659097e+00
7.192321416923365129e-01 4.697461228302564962e+00
8.453451587639734255e-01 4.709871034147094626e+00
1.682753053672443322e-01 2.485923852358810748e+00
6.649689629047610406e-01 4.476072058473949511e+00
8.078354592960694802e-01 4.330320300400972933e+00
5.497141208007274571e-01 3.534070674761588204e+00
1.647166587790128700e-01 2.251468700009422008e+00
3.552880483036335857e-02 1.427755159663154805e+00
2.815338178484937393e-01 1.539472987007189264e+00
8.078708464535515610e-01 5.289031018222135394e+00
4.476626084513901649e-02 1.607159683499090885e+00
8.216505039312038683e-03 8.837722570227899421e-01
3.616166477120572598e-01 9.521020091217805570e-01
6.362228569855188365e-02 1.550624287133429036e+00
1.494863033242304073e-01 2.242900911145268683e+00
2.319036809936214638e-02 1.174287304553508715e+00
5.247198367686318754e-01 3.394140281877260357e+00
6.966959021894129078e-01 4.657074708684343811e+00
4.270534930137276364e-01 1.786082860823274165e+00
1.345704586446876405e-01 2.314747437403433583e+00
3.313572109624056683e-01 1.159771771848802313e+00
5.903458543063351271e-01 4.021666050092320255e+00
9.406613933963881014e-01 4.732236038654805910e+00
9.925577191726402404e-01 6.986133259572007148e+00
2.416029166538498085e-01 1.937278268439165396e+00
1.057990693834576224e-02 6.967127930620402587e-01
8.306403259938046624e-01 4.598371750804771452e+00
9.266129377700565994e-01 5.335560876299617838e+00
4.586034797679693353e-01 3.145682760014253621e+00
7.714423445636822141e-01 4.338208516207960663e+00
8.661990340843911396e-01 4.662443332929355755e+00
6.096147983345592269e-01 4.327862915402397981e+00
8.726271831441870797e-01 5.637083659904881472e+00
2.390302614233086320e-02 1.386633585165564453e+00
2.715952202595638409e-01 1.142742211862280088e+00
2.772195826942952523e-01 4.479611233253752989e-01
1.206324283061581681e-01 2.265461517368291489e+00
9.107134542882382444e-01 5.547541879966521705e+00
3.043926666562313255e-02 1.374144795280765052e+00
6.725610295221127188e-01 5.838494551526848042e+00
7.133968725720729598e-02 2.080901960544780049e+00
3.607804937852211458e-01 9.353842331189372583e-01
4.180995426775658830e-01 1.542713011001923373e+00
1.814042890573669409e-01 2.393481674889760047e+00
5.210141032821763440e-01 2.902080060491059488e+00
5.349917609279156716e-01 3.419369408328889914e+00
3.170438819361961480e-01 9.439572095232200422e-01
7.370880595522907308e-01 4.629196967303165877e+00
1.602024106191695108e-01 3.347773268916863998e+00
1.925082189598553706e-01 2.333337111906837791e+00
3.545110180456060300e-01 1.164239626885328560e+00
3.783761334314192926e-01 1.167241595238057039e+00
2.062858565006543410e-01 1.920754457258008641e+00
9.187092051422680594e-01 5.402288043308272059e+00
8.280935695469475721e-01 4.208655290396005277e+00
1.068767442566413983e-01 2.149574517557132580e+00
3.694859156603840233e-01 1.213201717618559217e+00
2.326710956319737456e-01 1.928926888760430725e+00
4.510786029505424732e-01 1.898013287693453455e+00
2.763171862107933752e-01 1.624278800125392053e+00
5.018068911184234704e-01 2.773946204915808345e+00
9.226031530779568168e-01 5.743651856300150627e+00
3.825111389298337938e-01 1.147356044565164934e+00
6.501283286286326790e-01 3.976791097672558450e+00
5.956211130203741266e-01 4.418300388425532077e+00
